ID: 1, Nombre: web, Descripcion: estudiar, Prioridad: 1, Creada el: 2024-04-23 10:32:08.614426
ID: 2, Nombre: poo, Descripcion: estudiar, Prioridad: 2, Creada el: 2024-04-23 10:32:14.782055
ID: 3, Nombre: fisica, Descripcion: estudiar, Prioridad: 3, Creada el: 2024-04-23 10:32:28.215067
